TERRITORY_ID,LEVEL_ID,NAME_HTML,VERSIONS,UNIT,SECTOR,1995,1996,1997,1998,1999,2000,2001,2002,2003,2004,2005,2006,2007,2008,2009,2010,2011,2012,2013,2014,2015,2016,2017,2018,2019,2020,2021,2022,2023,2024,2025,share_1995,share_1996,share_1997,share_1998,share_1999,share_2000,share_2001,share_2002,share_2003,share_2004,share_2005,share_2006,share_2007,share_2008,share_2009,share_2010,share_2011,share_2012,share_2013,share_2014,share_2015,share_2016,share_2017,share_2018,share_2019,share_2020,share_2021,share_2022
HR021,3,Bjelovarsko-bilogorska županija,2024,THS,G-I,5.9,5.9,5.9,5.9,5.9,5.8,5.8,5.9,6.2,6.3,6.3,6.6,6.8,7.0,7.3,9.2,8.5,10.0,11.5,14.1,12.1,10.0,10.7,10.3,10.1,7.1,7.1,7.3,7.5,7.9,,1.5,1.5,1.5,1.5,1.5,1.5,1.5,1.5,1.6,1.5,1.5,1.5,1.5,1.5,1.6,2.2,2.1,2.5,3.0,3.5,2.9,2.5,2.5,2.5,2.4,1.8,1.7,1.7
HR022,3,Virovitičko-podravska županija,2024,THS,G-I,4.4,4.4,4.4,4.4,4.4,4.3,4.3,4.4,4.6,4.7,4.8,4.9,5.1,5.2,5.3,4.9,4.8,4.5,4.3,4.3,4.6,4.6,4.9,4.7,4.7,4.6,4.5,4.7,4.8,5.1,,1.1,1.1,1.1,1.1,1.1,1.1,1.1,1.1,1.2,1.1,1.2,1.1,1.1,1.1,1.2,1.1,1.2,1.1,1.1,1.1,1.1,1.1,1.1,1.1,1.1,1.1,1.1,1.1
HR023,3,Požeško-slavonska županija,2024,THS,G-I,3.8,3.8,3.8,3.8,3.8,3.7,3.7,3.8,3.9,4.0,4.0,4.2,4.4,4.5,4.4,4.1,4.0,3.9,3.7,4.1,4.0,4.0,4.2,4.1,4.1,4.2,4.3,4.6,4.7,5.0,,1.0,1.0,1.0,1.0,1.0,1.0,1.0,1.0,1.0,1.0,1.0,1.0,1.0,1.0,1.0,1.0,1.0,1.0,1.0,1.0,1.0,1.0,1.0,1.0,1.0,1.0,1.1,1.1
HR024,3,Brodsko-posavska županija,2024,THS,G-I,7.8,7.8,7.7,7.4,7.4,7.2,7.2,7.3,7.7,7.9,7.9,8.2,8.4,8.6,9.2,8.0,7.5,7.6,6.7,6.9,7.6,7.5,8.0,7.7,7.7,8.4,8.5,9.2,9.4,10.2,,2.0,2.0,2.0,1.9,1.9,1.9,1.9,1.9,1.9,1.9,1.9,1.9,1.9,1.9,2.0,1.9,1.8,1.9,1.7,1.7,1.8,1.9,1.8,1.8,1.9,2.1,2.1,2.1
HR025,3,Osječko-baranjska županija,2024,THS,G-I,21.4,21.2,21.0,20.3,20.5,20.1,20.2,20.4,21.2,21.8,22.1,23.1,23.9,23.9,24.8,22.3,21.4,21.4,18.6,18.1,18.9,20.8,22.2,21.4,20.9,20.0,20.2,20.8,21.2,22.6,,5.5,5.5,5.4,5.3,5.3,5.3,5.3,5.3,5.3,5.3,5.3,5.3,5.3,5.2,5.5,5.2,5.3,5.3,4.8,4.5,4.6,5.1,5.1,5.1,5.0,5.0,5.0,4.8
HR026,3,Vukovarsko-srijemska županija,2024,THS,G-I,10.0,10.0,9.6,9.5,9.5,9.3,9.3,9.4,9.8,10.1,10.2,10.6,11.0,11.1,11.3,10.6,10.0,9.7,9.1,9.1,9.9,9.8,10.4,10.1,10.0,9.6,9.8,10.3,10.5,11.2,,2.6,2.6,2.5,2.5,2.5,2.5,2.4,2.4,2.5,2.5,2.5,2.5,2.4,2.4,2.5,2.5,2.5,2.4,2.4,2.2,2.4,2.4,2.4,2.4,2.4,2.4,2.4,2.4
HR027,3,Karlovačka županija,2024,THS,G-I,8.6,8.6,8.3,8.3,8.3,8.1,8.1,8.2,8.5,8.8,8.9,9.2,9.5,9.8,9.9,9.2,8.8,8.2,8.0,8.7,8.7,8.6,9.2,8.9,8.8,9.4,9.5,9.9,10.1,10.9,,2.2,2.2,2.1,2.2,2.1,2.1,2.1,2.1,2.1,2.1,2.2,2.1,2.1,2.1,2.2,2.2,2.2,2.0,2.1,2.1,2.1,2.1,2.1,2.1,2.1,2.3,2.3,2.3
HR028,3,Sisačko-moslavačka županija,2024,THS,G-I,9.0,9.0,8.7,8.6,8.6,8.4,8.5,8.6,8.9,9.2,9.2,9.6,9.9,10.1,10.4,9.7,9.0,8.7,8.1,8.6,9.0,8.9,9.5,9.1,9.1,11.3,11.3,11.6,11.9,12.7,,2.3,2.3,2.2,2.2,2.2,2.2,2.2,2.2,2.2,2.2,2.2,2.2,2.2,2.2,2.3,2.3,2.2,2.1,2.1,2.1,2.2,2.2,2.2,2.2,2.2,2.8,2.8,2.7
HR031,3,Primorsko-goranska zupanija,2024,THS,G-I,36.3,36.2,36.2,36.0,36.1,35.4,35.5,36.0,37.2,38.4,38.6,40.4,42.2,43.0,42.9,39.8,37.8,37.1,33.9,33.2,37.1,36.7,39.2,38.1,37.9,35.0,35.5,37.5,38.3,41.0,,9.4,9.3,9.4,9.3,9.3,9.4,9.3,9.3,9.3,9.4,9.3,9.3,9.3,9.3,9.4,9.3,9.3,9.1,8.8,8.2,9.0,9.1,9.1,9.1,9.1,8.7,8.7,8.7
HR032,3,Licko-senjska zupanija,2024,THS,G-I,3.8,3.8,3.8,3.8,3.8,3.7,3.7,3.8,3.9,4.0,4.0,4.2,4.4,4.6,4.4,4.2,3.9,3.9,3.9,4.3,4.1,4.0,4.3,4.1,4.1,4.1,4.2,4.7,4.8,5.6,,1.0,1.0,1.0,1.0,1.0,1.0,1.0,1.0,1.0,1.0,1.0,1.0,1.0,1.0,1.0,1.0,1.0,1.0,1.0,1.1,1.0,1.0,1.0,1.0,1.0,1.0,1.0,1.1
HR033,3,Zadarska zupanija,2024,THS,G-I,13.6,13.6,13.6,13.5,13.5,13.2,13.3,13.5,13.9,14.3,14.4,15.1,15.7,16.3,15.6,14.7,14.2,14.4,13.7,14.8,14.5,14.3,15.3,14.7,14.6,18.9,19.3,20.8,21.2,23.8,,3.5,3.5,3.5,3.5,3.5,3.5,3.5,3.5,3.5,3.5,3.5,3.5,3.5,3.5,3.4,3.4,3.5,3.5,3.6,3.6,3.5,3.5,3.5,3.5,3.5,4.7,4.7,4.8
HR034,3,Sibensko-kninska zupanija,2024,THS,G-I,8.7,8.7,8.7,8.7,8.7,8.5,8.5,8.7,8.9,9.2,9.3,9.7,10.1,10.4,10.1,9.6,9.1,9.0,8.9,9.4,9.3,9.1,9.8,9.4,9.4,9.8,10.1,11.0,11.3,12.2,,2.2,2.2,2.2,2.3,2.3,2.2,2.2,2.3,2.2,2.2,2.2,2.2,2.2,2.3,2.2,2.2,2.2,2.2,2.3,2.3,2.3,2.2,2.3,2.2,2.3,2.4,2.5,2.6
HR035,3,Splitsko-dalmatinska zupanija,2024,THS,G-I,42.8,42.7,42.8,42.6,42.7,41.8,42.0,42.6,44.0,45.2,45.6,47.8,49.8,51.3,49.9,47.0,44.8,44.6,42.9,47.0,45.7,45.0,48.1,46.5,46.1,50.6,52.4,56.4,57.6,63.7,,11.0,11.0,11.1,11.0,11.1,11.0,11.0,11.1,11.0,11.0,11.0,11.0,11.0,11.1,11.0,11.0,11.0,11.0,11.1,11.6,11.1,11.1,11.1,11.1,11.1,12.6,12.9,13.1
HR036,3,Istarska zupanija,2024,THS,G-I,25.5,25.4,25.4,25.3,25.4,24.9,25.0,25.3,26.1,26.9,27.1,28.4,29.5,30.3,29.4,28.2,26.3,26.9,25.6,26.6,27.0,26.6,28.4,27.4,27.2,27.9,28.8,32.0,32.7,36.8,,6.6,6.6,6.6,6.6,6.6,6.6,6.6,6.6,6.6,6.6,6.6,6.6,6.5,6.6,6.5,6.6,6.5,6.6,6.6,6.5,6.6,6.6,6.6,6.6,6.6,6.9,7.1,7.4
HR037,3,Dubrovacko-neretvanska zupanija,2024,THS,G-I,14.4,14.4,14.4,14.3,14.3,14.0,14.0,14.3,14.7,15.1,15.3,16.0,16.8,17.3,16.5,15.8,15.2,15.3,14.4,16.0,15.4,15.2,16.2,15.7,15.5,17.0,17.1,19.4,19.8,22.5,,3.7,3.7,3.7,3.7,3.7,3.7,3.7,3.7,3.7,3.7,3.7,3.7,3.7,3.7,3.6,3.7,3.7,3.8,3.7,3.9,3.7,3.8,3.7,3.8,3.7,4.2,4.2,4.5
HR050,3,Grad Zagreb,2024,THS,G-I,113.0,113.1,114.1,114.9,115.1,113.0,113.5,115.0,118.6,122.2,123.4,129.3,135.8,138.4,134.8,126.0,119.7,120.1,113.8,120.1,121.4,119.0,127.3,123.2,122.2,87.7,87.6,90.5,92.2,98.3,,29.1,29.2,29.5,29.8,29.8,29.8,29.9,29.8,29.8,29.8,29.8,29.9,30.1,30.0,29.6,29.4,29.5,29.5,29.5,29.5,29.5,29.4,29.4,29.5,29.5,21.8,21.5,21.0
HR061,3,Međimurska županija,2024,THS,G-I,7.0,7.0,7.0,7.0,7.0,6.9,6.9,7.0,7.3,7.5,7.5,7.8,8.2,8.4,8.4,8.6,7.0,7.0,6.7,7.8,7.8,7.3,7.7,7.3,7.0,7.1,7.1,7.4,7.5,7.8,,1.8,1.8,1.8,1.8,1.8,1.8,1.8,1.8,1.8,1.8,1.8,1.8,1.8,1.8,1.8,2.0,1.7,1.7,1.7,1.9,1.9,1.8,1.8,1.7,1.7,1.8,1.7,1.7
HR062,3,Varaždinska županija,2024,THS,G-I,12.9,12.9,12.9,12.8,12.8,12.5,12.6,12.7,13.2,13.6,13.7,14.3,14.9,15.2,15.4,14.0,13.3,13.3,12.7,13.3,13.6,13.4,14.3,13.8,13.7,13.6,13.8,14.4,14.7,15.5,,3.3,3.3,3.3,3.3,3.3,3.3,3.3,3.3,3.3,3.3,3.3,3.3,3.3,3.3,3.4,3.3,3.3,3.3,3.3,3.3,3.3,3.3,3.3,3.3,3.3,3.4,3.4,3.3
HR063,3,Koprivničko-križevačka županija,2024,THS,G-I,6.1,6.1,6.1,6.1,6.1,6.0,6.0,6.1,6.3,6.5,6.6,6.8,7.1,7.3,7.4,6.7,6.5,6.3,5.9,6.3,6.5,6.4,6.8,6.6,6.5,7.4,7.5,7.7,7.9,8.3,,1.6,1.6,1.6,1.6,1.6,1.6,1.6,1.6,1.6,1.6,1.6,1.6,1.6,1.6,1.6,1.6,1.6,1.5,1.5,1.5,1.6,1.6,1.6,1.6,1.6,1.8,1.8,1.8
HR064,3,Krapinsko-zagorska županija,2024,THS,G-I,7.9,7.9,7.9,7.8,7.8,7.6,7.7,7.8,8.0,8.2,8.3,8.7,9.0,9.4,9.1,8.4,8.0,8.3,8.0,8.4,8.3,8.2,8.8,8.5,8.4,10.9,11.0,11.4,11.6,12.4,,2.0,2.0,2.0,2.0,2.0,2.0,2.0,2.0,2.0,2.0,2.0,2.0,2.0,2.0,2.0,2.0,2.0,2.0,2.1,2.1,2.0,2.0,2.0,2.0,2.0,2.7,2.7,2.6
HR065,3,Zagrebačka županija,2024,THS,G-I,24.8,24.7,24.7,24.6,24.7,24.2,24.3,24.6,25.4,26.1,26.4,27.7,28.9,29.5,28.5,26.9,26.5,26.5,24.9,25.6,26.0,25.9,27.6,26.7,26.5,37.0,37.4,38.8,39.5,42.4,,6.4,6.4,6.4,6.4,6.4,6.4,6.4,6.4,6.4,6.4,6.4,6.4,6.4,6.4,6.3,6.3,6.5,6.5,6.5,6.3,6.3,6.4,6.4,6.4,6.4,9.2,9.2,9.0
MK001,3,Vardarski,2024,THS,G-I,,,,,,6.2,6.0,7.1,7.1,6.9,7.3,8.2,8.8,10.6,11.4,10.6,10.8,10.7,10.0,26.0,10.7,14.5,13.5,13.4,13.6,12.4,12.7,12.5,12.4,11.9,,,,,,,6.1,5.9,7.1,7.1,6.4,6.8,7.4,7.4,8.2,7.5,7.3,7.4,6.9,6.0,15.1,6.1,7.9,7.1,6.9,6.9,7.1,7.2,7.4
MK002,3,Istocen,2024,THS,G-I,,,,,,4.3,4.4,4.8,4.5,4.6,4.4,5.0,5.7,6.8,8.5,10.9,11.4,12.2,12.4,10.6,12.0,13.9,14.2,15.0,13.2,12.0,12.4,12.4,12.5,11.9,,,,,,,4.3,4.3,4.8,4.5,4.3,4.1,4.5,4.8,5.3,5.6,7.5,7.8,7.9,7.5,6.2,6.8,7.6,7.5,7.7,6.7,6.9,7.0,7.3
MK003,3,Jugozapaden,2024,THS,G-I,,,,,,9.9,9.2,8.8,8.8,9.6,9.5,10.8,11.0,14.4,16.4,15.1,14.6,15.6,16.6,16.0,15.5,19.0,20.5,20.8,21.2,19.3,18.9,17.1,15.8,15.1,,,,,,,9.8,9.0,8.8,8.8,9.0,8.9,9.8,9.3,11.2,10.8,10.3,9.9,10.1,10.0,9.3,8.8,10.4,10.8,10.7,10.8,11.0,10.7,10.1
MK004,3,Jugoistocen,2024,THS,G-I,,,,,,8.3,7.8,7.2,7.4,8.1,7.5,7.5,8.9,9.4,11.0,12.8,12.6,12.8,14.0,12.8,12.4,16.3,15.7,16.8,16.8,15.7,16.1,15.4,14.8,14.1,,,,,,,8.2,7.6,7.2,7.4,7.6,7.0,6.8,7.5,7.3,7.2,8.8,8.6,8.3,8.4,7.4,7.1,8.9,8.3,8.7,8.6,9.0,9.1,9.1
MK005,3,Pelagoniski,2024,THS,G-I,,,,,,9.4,8.9,8.9,9.5,10.1,8.2,8.3,8.5,11.5,13.2,16.7,16.4,17.1,18.5,14.9,14.9,20.0,20.2,20.0,20.8,17.4,17.1,16.1,16.5,15.8,,,,,,,9.3,8.7,8.9,9.5,9.4,7.7,7.5,7.2,8.9,8.7,11.4,11.2,11.1,11.2,8.7,8.5,10.9,10.6,10.3,10.6,10.0,9.7,9.5
MK006,3,Poloski,2024,THS,G-I,,,,,,7.2,5.7,5.6,7.3,8.9,8.3,9.4,9.4,10.4,12.1,13.8,12.8,15.4,18.4,17.1,17.9,19.4,24.5,24.9,25.1,21.0,21.7,19.7,19.1,18.3,,,,,,,7.1,5.6,5.6,7.3,8.3,7.8,8.5,7.9,8.1,7.9,9.5,8.7,10.0,11.1,9.9,10.2,10.6,12.9,12.8,12.8,12.0,12.3,11.6
MK007,3,Severoistocen,2024,THS,G-I,,,,,,5.9,5.5,5.5,6.3,6.1,5.1,4.7,5.2,7.0,7.9,7.9,7.9,7.8,9.1,10.5,14.6,10.9,10.6,10.7,10.9,10.1,10.1,9.7,9.8,9.4,,,,,,,5.8,5.4,5.5,6.3,5.7,4.8,4.3,4.4,5.4,5.2,5.4,5.4,5.0,5.5,6.1,8.3,5.9,5.6,5.5,5.6,5.8,5.7,5.7
MK008,3,Skopski,2024,THS,G-I,,,,,,49.7,54.9,51.8,49.1,52.9,56.3,56.2,60.9,59.0,72.0,58.2,60.3,63.1,66.8,64.1,77.6,69.2,71.0,72.6,74.3,66.9,67.6,66.6,67.4,64.4,,,,,,,49.3,53.6,52.0,49.1,49.3,52.8,51.0,51.4,45.7,47.2,39.9,41.1,40.8,40.3,37.3,44.2,37.8,37.3,37.4,37.9,38.3,38.3,39.3
RS110,3,Beogradska oblast,2024,THS,G-I,202.6,208.4,181.9,180.2,177.3,179.0,178.5,185.3,187.2,213.2,217.1,214.8,211.1,211.7,208.9,205.1,191.1,196.8,187.6,189.2,197.3,211.0,221.7,227.0,231.2,227.1,238.7,241.7,247.3,251.0,,30.1,30.1,30.6,30.4,30.6,29.9,29.9,30.8,32.2,35.0,35.5,35.1,34.4,34.6,34.9,36.0,35.2,35.6,35.7,35.5,34.6,36.3,36.9,36.7,37.2,36.3,37.0,37.3
RS121,3,Zapadnobacka oblast,2024,THS,G-I,19.9,20.5,17.6,17.5,17.1,17.7,17.9,17.4,15.8,14.9,14.6,14.2,13.9,13.5,13.0,12.7,12.6,12.3,11.5,11.4,11.7,11.0,12.3,11.9,12.2,11.6,11.6,11.3,11.3,11.4,,3.0,3.0,3.0,3.0,3.0,3.0,3.0,2.9,2.7,2.4,2.4,2.3,2.3,2.2,2.2,2.2,2.3,2.2,2.2,2.1,2.1,1.9,2.0,1.9,2.0,1.9,1.8,1.7
RS122,3,Juznobanatska oblast,2024,THS,G-I,20.7,21.3,18.3,18.2,17.8,18.5,18.8,19.1,16.9,16.9,17.1,17.5,18.1,18.4,15.6,14.1,13.5,14.1,13.1,13.3,13.9,16.4,16.9,17.9,17.8,18.9,18.7,19.5,19.8,20.0,,3.1,3.1,3.1,3.1,3.1,3.1,3.2,3.2,2.9,2.8,2.8,2.9,2.9,3.0,2.6,2.5,2.5,2.6,2.5,2.5,2.4,2.8,2.8,2.9,2.9,3.0,2.9,3.0
RS123,3,Juznobacka oblast,2024,THS,G-I,42.6,44.3,37.6,37.4,36.6,37.7,37.9,37.3,36.0,41.3,43.5,50.0,52.3,53.7,56.6,53.1,52.2,52.4,50.6,51.7,56.4,60.3,61.6,62.5,60.8,65.6,67.7,67.1,68.5,67.1,,6.3,6.4,6.3,6.3,6.3,6.3,6.4,6.2,6.2,6.8,7.1,8.2,8.5,8.8,9.5,9.3,9.6,9.5,9.6,9.7,9.9,10.4,10.2,10.1,9.8,10.5,10.5,10.4
RS124,3,Severnobanatska oblast,2024,THS,G-I,12.5,12.8,11.0,11.0,10.7,11.4,11.8,11.4,10.7,10.9,10.7,10.4,10.5,10.6,10.8,9.8,10.0,10.9,10.3,10.3,10.3,7.9,8.4,8.6,9.1,8.6,8.3,9.1,8.5,8.6,,1.9,1.8,1.8,1.9,1.8,1.9,2.0,1.9,1.8,1.8,1.8,1.7,1.7,1.7,1.8,1.7,1.8,2.0,2.0,1.9,1.8,1.4,1.4,1.4,1.5,1.4,1.3,1.4
RS125,3,Severnobacka oblast,2024,THS,G-I,25.6,26.4,22.7,22.6,22.1,22.9,23.0,23.6,22.4,26.9,28.2,27.4,26.4,27.4,25.7,24.3,24.0,24.5,22.7,22.8,24.4,23.9,23.6,16.8,17.0,16.3,17.1,17.0,16.4,16.2,,3.8,3.8,3.8,3.8,3.8,3.8,3.9,3.9,3.8,4.4,4.6,4.5,4.3,4.5,4.3,4.3,4.4,4.4,4.3,4.3,4.3,4.1,3.9,2.7,2.7,2.6,2.7,2.6
RS126,3,Srednjobanatska oblast,2024,THS,G-I,19.1,19.4,16.9,16.8,16.4,17.0,16.6,16.6,15.2,14.0,13.5,14.1,13.9,14.0,13.2,12.3,11.5,12.0,12.3,12.4,13.2,11.0,12.2,12.0,13.0,11.8,12.1,12.8,12.4,12.5,,2.8,2.8,2.8,2.8,2.8,2.8,2.8,2.8,2.6,2.3,2.2,2.3,2.3,2.3,2.2,2.2,2.1,2.2,2.3,2.3,2.3,1.9,2.0,1.9,2.1,1.9,1.9,2.0
RS127,3,Sremska oblast,2024,THS,G-I,25.5,26.2,22.5,22.4,21.9,22.7,20.3,21.1,19.8,22.1,22.1,24.5,26.3,26.2,26.1,24.0,23.2,23.7,22.0,22.0,25.6,24.6,24.9,28.0,29.2,31.0,30.4,32.1,32.2,32.1,,3.8,3.8,3.8,3.8,3.8,3.8,3.4,3.5,3.4,3.6,3.6,4.0,4.3,4.3,4.4,4.2,4.3,4.3,4.2,4.1,4.5,4.2,4.1,4.5,4.7,5.0,4.7,5.0
RS211,3,Zlatiborska oblast,2024,THS,G-I,15.5,16.0,13.7,13.7,13.4,13.9,14.0,14.0,13.1,12.8,13.5,12.9,13.0,12.3,12.7,11.3,13.1,13.6,13.2,13.3,14.2,17.1,18.7,18.4,18.3,18.9,20.0,19.8,20.6,20.8,,2.3,2.3,2.3,2.3,2.3,2.3,2.3,2.3,2.3,2.1,2.2,2.1,2.1,2.0,2.1,2.0,2.4,2.5,2.5,2.5,2.5,2.9,3.1,3.0,2.9,3.0,3.1,3.1
RS212,3,Kolubarska oblast,2024,THS,G-I,15.3,15.8,13.6,13.6,13.3,13.8,11.9,11.8,11.4,10.0,9.8,9.7,10.2,10.7,10.3,9.6,8.8,9.1,8.6,8.8,9.5,9.1,9.1,9.8,10.1,10.5,11.1,11.3,12.2,12.3,,2.3,2.3,2.3,2.3,2.3,2.3,2.0,2.0,2.0,1.6,1.6,1.6,1.7,1.7,1.7,1.7,1.6,1.6,1.6,1.7,1.7,1.6,1.5,1.6,1.6,1.7,1.7,1.7
RS213,3,Macvanska oblast,2024,THS,G-I,17.7,18.2,15.2,15.5,15.0,15.6,15.0,14.6,13.9,13.4,13.8,11.4,14.0,13.9,13.1,13.1,14.2,14.7,13.3,13.8,15.5,16.6,17.9,20.6,18.4,19.2,20.0,19.7,20.5,20.9,,2.6,2.6,2.6,2.6,2.6,2.6,2.5,2.4,2.4,2.2,2.3,1.9,2.3,2.3,2.2,2.3,2.6,2.7,2.5,2.6,2.7,2.9,3.0,3.3,3.0,3.1,3.1,3.0
RS214,3,Moravicka oblast,2024,THS,G-I,20.8,21.4,18.1,18.3,17.6,18.6,19.1,19.1,19.1,20.1,19.6,19.9,20.6,20.7,18.8,17.9,15.8,15.5,15.2,15.6,17.3,17.5,18.0,19.1,19.1,19.7,19.2,18.0,18.8,19.2,,3.1,3.1,3.0,3.1,3.0,3.1,3.2,3.2,3.3,3.3,3.2,3.2,3.4,3.4,3.1,3.1,2.9,2.8,2.9,2.9,3.0,3.0,3.0,3.1,3.1,3.1,3.0,2.8
RS215,3,Pomoravska oblast,2024,THS,G-I,16.8,17.3,14.7,14.7,14.3,15.1,16.4,15.4,13.9,15.5,15.4,14.0,14.1,13.9,13.8,13.1,12.2,12.4,11.8,12.2,13.3,13.6,13.6,14.4,14.0,13.5,15.0,13.6,13.5,13.6,,2.5,2.5,2.5,2.5,2.5,2.5,2.8,2.6,2.4,2.5,2.5,2.3,2.3,2.3,2.3,2.3,2.2,2.2,2.2,2.3,2.3,2.3,2.3,2.3,2.3,2.2,2.3,2.1
RS216,3,Rasinska oblast,2024,THS,G-I,17.3,17.8,15.3,15.2,14.6,15.5,15.9,15.2,15.2,13.5,13.4,13.5,13.9,14.3,13.9,12.6,10.9,11.3,10.5,10.9,11.7,12.3,11.9,12.8,13.1,13.6,13.9,13.4,13.5,13.6,,2.6,2.6,2.6,2.6,2.5,2.6,2.7,2.5,2.6,2.2,2.2,2.2,2.3,2.3,2.3,2.2,2.0,2.0,2.0,2.0,2.1,2.1,2.0,2.1,2.1,2.2,2.2,2.1
RS217,3,Raska oblast,2024,THS,G-I,19.0,19.6,16.8,16.4,16.0,16.9,16.3,17.1,15.8,16.9,17.7,18.5,19.3,19.2,18.8,17.8,16.4,16.5,16.1,16.2,17.5,19.9,21.9,22.3,20.8,22.1,22.1,22.8,23.6,23.8,,2.8,2.8,2.8,2.8,2.8,2.8,2.7,2.8,2.7,2.8,2.9,3.0,3.1,3.1,3.1,3.1,3.0,3.0,3.1,3.0,3.1,3.4,3.6,3.6,3.3,3.5,3.4,3.5
RS218,3,Sumadijska oblast,2024,THS,G-I,26.6,27.4,23.5,23.4,22.6,23.8,24.3,23.5,22.0,20.8,21.2,21.0,21.3,21.6,20.5,19.2,17.6,18.4,17.7,18.6,20.5,18.9,19.4,19.9,20.1,20.4,21.2,22.6,21.7,22.2,,4.0,4.0,3.9,3.9,3.9,4.0,4.1,3.9,3.8,3.4,3.5,3.4,3.5,3.5,3.4,3.4,3.2,3.3,3.4,3.5,3.6,3.3,3.2,3.2,3.2,3.3,3.3,3.5
RS221,3,Borska oblast,2024,THS,G-I,14.0,14.4,12.4,12.3,12.0,12.5,12.6,12.6,11.9,10.7,10.1,9.7,10.1,9.5,9.4,8.6,8.3,8.5,8.3,8.3,9.2,7.9,7.6,7.6,8.5,7.3,7.1,7.0,6.7,6.8,,2.1,2.1,2.1,2.1,2.1,2.1,2.1,2.1,2.0,1.8,1.7,1.6,1.6,1.6,1.6,1.5,1.5,1.5,1.6,1.6,1.6,1.4,1.3,1.2,1.4,1.2,1.1,1.1
RS222,3,Branicevska oblast,2024,THS,G-I,16.5,17.0,14.3,14.5,13.9,14.7,13.7,14.1,14.9,15.0,14.0,13.5,13.3,12.9,12.9,12.3,12.2,12.4,11.9,12.3,13.4,11.6,11.4,11.2,11.3,11.1,11.1,10.9,11.6,11.7,,2.5,2.5,2.4,2.4,2.4,2.5,2.3,2.3,2.6,2.5,2.3,2.2,2.2,2.1,2.2,2.2,2.2,2.2,2.3,2.3,2.3,2.0,1.9,1.8,1.8,1.8,1.7,1.7
RS223,3,Zajecarska oblast,2024,THS,G-I,20.1,20.7,17.5,17.4,16.9,17.9,17.9,17.5,15.3,13.9,12.2,11.5,11.3,10.6,10.7,10.6,10.5,8.1,7.3,7.2,8.1,6.0,6.2,6.3,6.6,6.5,6.4,6.6,6.6,6.7,,3.0,3.0,2.9,2.9,2.9,3.0,3.0,2.9,2.6,2.3,2.0,1.9,1.8,1.7,1.8,1.9,1.9,1.5,1.4,1.4,1.4,1.0,1.0,1.0,1.1,1.0,1.0,1.0
RS224,3,Jablanicka oblast,2024,THS,G-I,24.8,25.6,21.7,21.6,21.0,22.2,21.4,21.2,19.7,18.7,17.4,19.8,15.2,14.6,14.3,14.5,14.1,14.1,13.2,13.7,15.1,9.8,9.6,10.4,10.9,11.8,12.1,11.6,11.5,11.6,,3.7,3.7,3.6,3.6,3.6,3.7,3.6,3.5,3.4,3.1,2.8,3.2,2.5,2.4,2.4,2.5,2.6,2.6,2.5,2.6,2.6,1.7,1.6,1.7,1.8,1.9,1.9,1.8
RS225,3,Nisavska oblast,2024,THS,G-I,39.7,41.2,35.1,34.9,33.8,35.4,35.4,35.8,34.8,33.0,32.2,31.3,31.3,30.3,28.6,24.5,23.2,24.1,22.8,23.0,24.7,27.6,26.8,31.0,30.3,29.5,29.4,28.6,28.5,28.8,,5.9,5.9,5.9,5.9,5.8,5.9,5.9,5.9,6.0,5.4,5.3,5.1,5.1,4.9,4.8,4.3,4.3,4.4,4.3,4.3,4.3,4.7,4.5,5.0,4.9,4.7,4.6,4.4
RS226,3,Pirotska oblast,2024,THS,G-I,6.3,6.5,5.5,5.8,5.6,5.8,6.7,6.9,7.9,6.8,6.3,6.3,6.2,6.3,6.1,5.5,4.8,4.4,4.2,4.1,4.7,5.0,4.6,4.9,5.2,4.7,4.5,4.6,4.9,4.9,,0.9,0.9,0.9,1.0,1.0,1.0,1.1,1.1,1.4,1.1,1.0,1.0,1.0,1.0,1.0,1.0,0.9,0.8,0.8,0.8,0.8,0.9,0.8,0.8,0.8,0.8,0.7,0.7
RS227,3,Podunavska oblast,2024,THS,G-I,15.6,16.1,13.7,13.7,13.3,14.3,14.5,14.5,13.0,13.2,12.9,13.3,13.4,13.0,12.3,12.2,11.8,11.9,10.8,10.8,11.1,10.3,10.5,11.1,11.0,11.8,12.5,12.6,12.5,12.6,,2.3,2.3,2.3,2.3,2.3,2.4,2.4,2.4,2.2,2.2,2.1,2.2,2.2,2.1,2.1,2.1,2.2,2.2,2.1,2.0,1.9,1.8,1.7,1.8,1.8,1.9,1.9,1.9
RS228,3,Pcinjska oblast,2024,THS,G-I,11.5,11.8,10.0,10.0,9.8,10.2,10.7,11.5,10.8,10.3,9.9,9.2,9.8,8.9,8.2,7.8,7.2,7.5,7.3,7.4,8.2,8.4,9.2,9.4,10.2,10.6,10.5,10.4,10.4,10.5,,1.7,1.7,1.7,1.7,1.7,1.7,1.8,1.9,1.9,1.7,1.6,1.5,1.6,1.5,1.4,1.4,1.3,1.4,1.4,1.4,1.4,1.4,1.5,1.5,1.6,1.7,1.6,1.6
RS229,3,Toplicka oblast,2024,THS,G-I,6.3,6.5,5.6,5.6,5.5,5.7,5.7,5.5,5.4,5.2,4.6,4.3,4.6,4.5,4.0,3.6,3.4,3.4,3.2,3.3,3.5,3.8,3.3,3.9,3.8,3.8,4.2,3.9,4.0,4.0,,0.9,0.9,0.9,0.9,1.0,1.0,1.0,0.9,0.9,0.9,0.8,0.7,0.7,0.7,0.7,0.6,0.6,0.6,0.6,0.6,0.6,0.7,0.5,0.6,0.6,0.6,0.7,0.6
RSZZZ,3,Extra-Regio,2024,THS,G-I,0.0,0.0,0.0,0.0,0.0,,,,,,,,,,,,,,,,0.0,0.0,0.0,,,,,,,0.0,,0.0,0.0,0.0,0.0,0.0,,,,,,,,,,,,,,,,0.0,0.0,0.0,,,,,
SI031,3,Pomurska,2024,THS,G-I,8.6,8.7,8.4,8.7,8.8,9.0,9.1,8.8,9.0,9.2,9.0,9.2,9.5,9.6,9.4,9.3,9.0,8.6,8.4,8.1,8.1,8.2,8.5,8.8,8.7,8.6,8.4,8.7,8.8,8.6,,4.6,4.7,4.6,4.8,4.8,4.8,4.9,4.7,4.8,4.9,4.7,4.7,4.7,4.5,4.4,4.5,4.4,4.3,4.3,4.1,4.0,4.0,4.0,4.0,3.8,3.8,3.8,3.8
SI032,3,Podravska,2024,THS,G-I,26.6,26.9,26.4,26.5,26.9,27.4,27.0,26.9,26.6,26.5,27.3,27.6,28.3,29.3,28.9,28.2,27.7,27.2,26.7,26.9,27.3,27.9,28.8,29.8,30.0,29.8,29.4,29.9,30.0,29.3,,14.3,14.4,14.6,14.6,14.6,14.6,14.4,14.3,14.1,14.0,14.3,14.1,13.9,13.8,13.6,13.6,13.7,13.6,13.5,13.6,13.6,13.6,13.5,13.5,13.2,13.3,13.2,13.1
SI033,3,Koroska,2024,THS,G-I,4.8,4.8,4.7,4.7,4.8,4.9,4.9,4.8,4.8,4.7,4.7,4.9,4.9,5.0,4.9,4.7,4.7,4.7,4.5,4.5,4.6,4.6,4.7,4.9,4.8,4.7,4.8,4.9,4.9,4.8,,2.6,2.6,2.6,2.6,2.6,2.6,2.6,2.5,2.6,2.5,2.5,2.5,2.4,2.4,2.3,2.3,2.3,2.3,2.3,2.3,2.3,2.2,2.2,2.2,2.1,2.1,2.2,2.1
SI034,3,Savinjska,2024,THS,G-I,22.4,22.5,22.3,22.4,22.7,23.1,22.8,22.9,23.2,22.8,22.9,23.4,25.2,26.1,26.6,26.5,25.8,25.3,24.8,24.6,24.8,25.5,26.6,27.5,28.5,28.7,28.5,29.3,29.7,28.8,,12.1,12.0,12.3,12.3,12.3,12.3,12.2,12.2,12.3,12.1,12.0,11.9,12.4,12.3,12.5,12.7,12.7,12.6,12.6,12.5,12.4,12.4,12.5,12.5,12.6,12.8,12.8,12.8
SI035,3,Zasavska,2024,THS,G-I,3.5,3.5,3.4,3.4,3.4,3.4,3.3,3.1,3.0,3.0,3.1,3.1,3.2,3.4,3.4,3.4,3.1,2.9,2.8,2.7,2.8,2.8,2.8,2.8,2.8,2.8,2.9,2.9,2.9,2.8,,1.9,1.9,1.9,1.9,1.8,1.8,1.8,1.6,1.6,1.6,1.6,1.6,1.6,1.6,1.6,1.6,1.5,1.4,1.4,1.4,1.4,1.4,1.3,1.3,1.2,1.3,1.3,1.3
SI036,3,Posavska,2024,THS,G-I,5.6,5.9,5.7,5.7,5.8,5.9,5.5,5.4,5.2,5.3,5.4,5.6,5.7,5.8,5.9,5.8,5.7,5.7,5.6,5.5,5.6,5.7,5.7,6.0,6.2,6.0,5.8,5.8,5.8,6.1,,3.0,3.2,3.1,3.1,3.2,3.1,2.9,2.9,2.8,2.8,2.8,2.9,2.8,2.7,2.8,2.8,2.8,2.8,2.8,2.8,2.8,2.8,2.7,2.7,2.7,2.7,2.6,2.5
SI037,3,Jugovzhodna Slovenija,2024,THS,G-I,9.0,9.1,8.8,8.9,9.0,9.2,9.2,9.2,9.1,9.4,9.4,9.9,10.6,11.1,10.9,10.7,10.6,10.2,10.0,10.0,10.2,10.4,10.9,11.3,11.6,11.7,11.6,11.7,11.8,11.5,,4.8,4.9,4.9,4.9,4.9,4.9,4.9,4.9,4.8,5.0,4.9,5.0,5.2,5.2,5.1,5.1,5.2,5.1,5.1,5.1,5.1,5.1,5.1,5.1,5.1,5.2,5.2,5.1
SI038,3,Primorsko-notranjska,2024,THS,G-I,3.7,3.7,3.6,3.6,3.7,3.8,3.8,3.7,3.6,3.6,3.6,3.9,3.9,4.1,4.3,4.2,4.0,4.1,4.3,4.3,4.2,4.3,4.3,4.5,4.5,4.4,4.3,4.4,4.4,3.9,,2.0,2.0,2.0,2.0,2.0,2.0,2.0,2.0,1.9,1.9,1.9,2.0,1.9,1.9,2.0,2.0,2.0,2.0,2.2,2.2,2.1,2.1,2.0,2.0,2.0,2.0,1.9,1.9
SI041,3,Osrednjeslovenska,2024,THS,G-I,59.8,59.8,57.2,57.1,57.4,58.4,59.2,60.5,61.2,62.4,63.0,65.2,67.4,70.1,70.8,69.1,67.6,67.9,67.8,67.9,69.5,71.3,73.8,76.2,80.5,79.5,80.0,82.0,82.9,85.6,,32.2,32.0,31.6,31.4,31.2,31.2,31.6,32.1,32.5,33.0,33.0,33.2,33.0,33.1,33.3,33.2,33.3,33.9,34.3,34.4,34.6,34.7,34.7,34.6,35.5,35.5,35.8,35.8
SI042,3,Gorenjska,2024,THS,G-I,16.9,17.0,16.5,16.6,16.9,17.2,17.5,17.6,17.6,17.4,17.8,18.1,18.8,19.5,19.4,19.0,18.5,18.2,18.0,18.3,18.7,19.1,19.8,20.5,20.9,19.8,19.8,20.7,21.7,22.0,,9.1,9.1,9.1,9.1,9.2,9.2,9.3,9.3,9.4,9.2,9.3,9.2,9.2,9.2,9.1,9.1,9.1,9.1,9.1,9.3,9.3,9.3,9.3,9.3,9.2,8.8,8.9,9.0
SI043,3,Goriska,2024,THS,G-I,9.3,9.4,9.1,9.1,9.2,9.4,9.6,9.5,9.4,9.3,9.4,9.6,9.8,10.1,10.1,9.6,9.5,9.4,9.1,9.0,9.1,9.5,9.9,10.3,10.3,10.3,10.3,10.6,10.8,10.6,,5.0,5.0,5.0,5.0,5.0,5.0,5.1,5.0,5.0,4.9,4.9,4.9,4.8,4.8,4.8,4.6,4.7,4.7,4.6,4.6,4.5,4.6,4.7,4.7,4.5,4.6,4.6,4.6
SI044,3,Obalno-kraska,2024,THS,G-I,15.5,15.6,15.1,15.2,15.4,15.7,15.6,15.9,15.5,15.3,15.3,15.8,16.7,17.6,17.7,17.4,16.6,16.0,15.4,15.3,15.7,16.4,17.0,17.7,18.2,17.5,17.4,18.1,18.4,18.9,,8.3,8.3,8.3,8.4,8.4,8.4,8.3,8.4,8.2,8.1,8.0,8.0,8.2,8.3,8.3,8.4,8.2,8.0,7.8,7.8,7.8,8.0,8.0,8.0,8.0,7.8,7.8,7.9
ME000,3,Montenegro,2024,THS,G-I,,,,,,31.0,32.0,33.0,34.0,35.0,36.0,37.0,38.0,40.0,41.0,40.0,40.0,41.0,41.0,42.0,43.0,44.0,45.0,46.0,47.0,38.0,40.0,43.0,,,,,,,,,18.2,18.6,19.0,19.3,19.7,20.0,20.3,20.7,21.1,20.9,19.2,19.0,19.3,19.7,20.5,20.5,20.5,20.5,20.4,20.4,18.1,18.6,18.7
BA2,3,Federacija Bosne i Hercegovine,2024,THS,G-I,,,,,,98.0,100.0,103.0,106.0,109.0,111.0,114.0,117.0,121.0,123.0,120.0,118.0,116.0,114.0,113.0,115.0,118.0,122.0,126.0,130.0,120.0,124.0,128.0,,,,,,,,,20.4,20.4,20.6,20.8,21.0,20.9,20.9,20.9,20.9,20.8,20.7,20.5,20.4,20.4,20.4,20.4,20.5,20.7,20.8,21.0,20.3,20.7,20.8
BA1,3,Republika Srpska,2024,THS,G-I,,,,,,57.0,59.0,61.0,63.0,65.0,66.0,68.0,70.0,72.0,73.0,71.0,70.0,69.0,68.0,67.0,68.0,70.0,72.0,75.0,78.0,71.0,73.0,76.0,,,,,,,,,19.7,20.0,20.3,20.7,21.0,21.0,21.2,21.3,21.3,21.2,20.9,20.9,20.9,20.9,20.9,20.9,20.9,20.6,20.5,20.6,20.0,20.2,20.4
BA3,3,Brčko Distrikt,2024,THS,G-I,,,,,,,,,,,6.0,6.2,6.4,6.5,6.7,6.8,7.0,7.1,7.3,7.5,7.3,7.3,7.5,7.6,7.8,7.2,7.4,7.6,,,,,,,,,,,,,,21.4,21.4,21.3,21.0,20.9,20.6,20.6,20.3,20.3,20.3,20.3,20.3,20.3,20.5,21.1,20.6,20.6,20.5
XK000,3,Kosovo*,2024,THS,G-I,,,,,,,,,57.0,60.0,63.0,67.0,71.0,75.0,77.0,79.0,80.0,82.0,83.0,84.0,86.0,88.0,90.0,92.0,95.0,80.0,84.0,88.0,,,,,,,,,,,,19.0,19.4,19.7,20.3,20.6,20.8,20.8,20.8,20.8,21.0,21.0,21.0,21.2,21.2,21.2,21.1,21.3,20.5,20.7,21.0
